%YAML:1.0
---
M1: !!opencv-matrix
   rows: 3
   cols: 3
   dt: d
   data: [ 4.0888997633953551e+02, 0., 1.6953236204926498e+02, 0.,
       4.0889444478991595e+02, 1.2025979998578559e+02, 0., 0., 1. ]
D1: !!opencv-matrix
   rows: 1
   cols: 5
   dt: d
   data: [ 9.9156434307279273e-02, 9.3035353952507175e-03,
       -6.0285126929878309e-03, -7.8508548417391116e-03,
       5.8106154049051761e-01 ]
M2: !!opencv-matrix
   rows: 3
   cols: 3
   dt: d
   data: [ 4.1951583315090903e+02, 0., 1.6208002644279858e+02, 0.,
       4.2002523774670220e+02, 1.0396869894822257e+02, 0., 0., 1. ]
D2: !!opencv-matrix
   rows: 1
   cols: 5
   dt: d
   data: [ 2.2252940212376807e-01, -1.2382376120949454e+00,
       -1.2006289118620580e-02, -3.3420636750292622e-03,
       4.6530194445672413e+00 ]
R: !!opencv-matrix
   rows: 3
   cols: 3
   dt: d
   data: [ 9.9998678273212915e-01, 7.1011509536690045e-04,
       5.0921604056524050e-03, -8.8548666314974388e-04,
       9.9940360136273854e-01, 3.4520392473981511e-02,
       -5.0646099963319912e-03, -3.4524445248833004e-02,
       9.9939102077507447e-01 ]
T: !!opencv-matrix
   rows: 3
   cols: 1
   dt: d
   data: [ -5.5604686849559442e+01, 1.0444114501091020e+00,
       2.2924443167757222e+00 ]
R1: !!opencv-matrix
   rows: 3
   cols: 3
   dt: d
   data: [ 9.9918732405787458e-01, -1.6621071636261267e-02,
       -3.6720994263858331e-02, 1.7253058882038597e-02,
       9.9970728232994155e-01, 1.6961179666969941e-02,
       3.6428332397694982e-02, -1.7580945200545876e-02,
       9.9918160860004734e-01 ]
R2: !!opencv-matrix
   rows: 3
   cols: 3
   dt: d
   data: [ 9.9897532546444268e-01, -1.8763549035251948e-02,
       -4.1185292773180990e-02, 1.8049107123401662e-02,
       9.9968128749448670e-01, -1.7650868687212752e-02,
       4.1503359445458264e-02, 1.6889424530366692e-02,
       9.9899560484207039e-01 ]
P1: !!opencv-matrix
   rows: 3
   cols: 4
   dt: d
   data: [ 4.0331760958491361e+02, 0., 1.8115831661224365e+02, 0., 0.,
       4.0331760958491361e+02, 1.1153146171569824e+02, 0., 0., 0., 1.,
       0. ]
P2: !!opencv-matrix
   rows: 3
   cols: 4
   dt: d
   data: [ 4.0331760958491361e+02, 0., 1.8115831661224365e+02,
       -2.2449352661894391e+04, 0., 4.0331760958491361e+02,
       1.1153146171569824e+02, 0., 0., 0., 1., 0. ]
Q: !!opencv-matrix
   rows: 4
   cols: 4
   dt: d
   data: [ 1., 0., 0., -1.8115831661224365e+02, 0., 1., 0.,
       -1.1153146171569824e+02, 0., 0., 0., 4.0331760958491361e+02, 0.,
       0., 1.7965667681345054e-02, 0. ]
